2.0971
.7734
.6611
.6494
.5981
.5869
.5534
.5274
.5110
.5116
.5240
.4959
.4861
.5228
.5112
.4698
.4524
.4770
.4426
.4409
.4607
.4366
.4527
.4469
.4515
.4334
.4179
.4423
.4202
.4281
.4200
.4247
.4351
.4273
.4173
.4152
.4120
.3990
.4024
.3878
.4049
.3938
.3923
.3999
.4011
.3882
.3817
.4008
.3838
.3925
.3868
.3729
.3890
.3766
.3743
.3835
.3932
.3860
.3687
.3910
.3868
.3734
.3771
.4083
.3805
.3791
.3628
.3850
.3715
.3587
.3686
.3853
.3594
.4156
.3631
.3733
.3638
.3901
.3743
.3745
.3833
.3696
.3625
.3563
.3678
.3558
.3636
.3553
.3626
.3574
.3577
.3646
.3676
.3553
.3638
.3558
.3426
.3402
.3568
.3568
.3451
.3479
.3475
.3451
.3729
.3381
.3471
.3517
.3382
.3344
.3518
.3429
.3429
.3469
.3448
.3409
.3382
.3425
.3552
.3289
.3379
.3581
.3336
.3219
.3297